1483150,59,155
1414808,22,176
1412830,16,173
1441003,52,144
1475288,34,174
1491639,40,127
1461606,52,131
1456042,57,132
1495115,14,139
1478049,21,182
1470780,18,179
1482716,54,141
1425106,51,177
1454577,33,142
1411435,47,152
1405183,42,180
1489395,15,139
1489926,33,142
1495047,41,169
1436838,59,150
1435121,55,176
1438558,53,189
1461111,44,139
1416691,42,154
1402106,45,157
1437460,53,125
1484980,32,121
1493103,55,139
1485972,56,126
1429061,56,140
1416681,18,128
1417806,39,152
1408279,53,161
1471779,34,150
1456891,35,173
1416805,57,181
1454647,21,182
1458946,16,147
1448409,38,128
1417290,27,178
1413945,22,154
1412416,56,168
1433529,49,165
1432260,34,143
1420424,40,135
1409093,18,145
1409722,50,177
1446233,18,142
1420294,26,190
1418479,24,144
1453187,29,172
1483064,37,148
1471071,25,128
1460429,32,167
1446368,22,172
1462679,35,193
1450893,23,129
1408178,43,174
1481278,37,194
1463941,60,163
1449097,50,174
1442611,49,194
1429939,33,144
1482724,57,154
1403933,32,148
1456364,39,137
1475322,47,152
1462327,26,187
1400284,18,124
1455155,17,145
1460906,46,148
1464154,22,135
1443437,59,156
1431197,52,193
1492671,30,146
1433273,47,194
1455008,27,146
1444402,12,140
1484315,34,155
1413125,39,178
1448943,31,192
1437930,29,179
1440326,29,170
1442843,16,147
1462878,31,148
1407882,55,182
1449296,24,120
1491996,45,179
1435541,18,136
1412895,18,136
1499411,32,144
1445166,48,181
1406220,42,158
1402102,43,160
1495761,56,189
1400950,38,191
1452684,27,171
1471099,56,176
1473958,15,133
1472110,25,127
1431167,40,132
1445618,55,152
1413376,44,182
1444586,20,147
1430936,20,179
1474463,25,168
1404077,31,178
1432813,22,123
1459630,30,120
1467710,27,153
1411131,19,124
1465995,33,163
1441851,41,179
1429335,31,167
1412207,53,191
1445423,44,165
1438330,58,192
1420694,42,122
1427312,23,140
1483820,60,148
1428271,34,176
1455740,13,172
1405805,48,131
1437668,55,139
1416902,13,144
1477228,50,181
1477555,38,162
1447854,49,128
1416294,26,151
1451217,41,155
1499051,49,156
1434938,35,161
1445394,16,123
1463256,28,153
1484044,50,181
1437309,52,124
1496214,15,145
1429579,52,151
1442510,31,156
1413555,33,122
1402494,51,169
1405059,56,155
1496613,28,184
1460971,54,148
1432370,60,186
1437437,57,195
1485649,22,157
1436284,55,155
1463350,37,174
1468817,27,158
1419837,15,179
1435275,12,172
1484141,36,180
1494166,19,192
1498180,60,174
1482872,37,158
1475651,28,185
1416431,49,150
1450906,59,190
1447210,43,180
1480188,40,173
1408291,31,158
1402051,22,140
1491704,24,179
1460474,60,161
1496145,14,149
1427775,21,190
1466778,38,151
1498585,33,195
1473619,15,154
1459625,42,182
1469947,54,170
1446024,32,164
1474717,52,169
1459579,15,131
1460889,54,182
1484117,57,156
1437090,26,127
1440860,31,136
1443867,52,158
1415768,49,164
1474571,33,128
1473854,32,145
1490197,55,131
1403154,41,178
1475046,31,123
1418355,59,155
1485178,37,157
1477811,48,172
1421481,44,172
1436835,35,156
1433959,36,136
1434348,49,180
1493656,47,134
1446332,32,146
1482583,18,147
1490161,27,128
1411237,17,147
1447623,48,143
1493583,35,167
1495420,17,149
1406442,52,176
1427682,56,144
1427167,56,141
1461784,59,191
1483587,24,120
1444657,58,131
1412046,26,195
1438324,21,158
1462177,47,167
1423322,17,143
1422738,50,191
1479411,29,142
1429865,28,131
1443847,42,133
1423974,44,131
1488219,14,162
1414561,25,186
1469791,33,170
1494888,17,126
1430871,39,192
1477039,52,174
1479264,45,149
1409018,34,178
1499837,19,169
1457640,23,134
1492287,27,170
1484685,55,144
1481537,17,143
1426032,35,193
1488679,58,164
1454403,13,157
1488287,28,151
1495767,14,170
1408297,35,182
1436662,22,154
1493889,39,123
1499494,26,124
1480252,36,156
1418094,24,161
1460097,52,132
1463355,20,177
1481753,51,185
1486073,40,179
1418333,30,137
1412596,18,155
1459508,27,187
1463022,22,192
1470959,31,120
1400122,47,173
1470444,48,169
1466899,56,149
1413552,41,186
1480603,15,183
1454554,59,160
1424591,51,183
1463349,12,169
1406840,43,192
1472350,25,164
1451501,29,168
1434959,30,136
1470054,27,174
1438839,32,159
1428315,55,189
1473070,22,193
1411094,34,151
1410132,51,127
1414514,50,128
1405428,52,147
1449339,55,187
1441684,33,170
1432833,34,155
1494766,32,154
1423709,40,142
1479780,27,180
1449225,53,161
1456427,58,165
1433448,27,159
1492411,60,192
1440391,24,156
1424646,60,152
1487008,22,159
1446213,59,120
1466444,46,146
1415455,42,156
1413951,60,127
1431445,27,183
1471299,29,166
1467206,26,143
1446847,44,153
1424570,19,194
1464317,37,166
1401820,18,150
1469645,13,132
1483379,42,183
1412921,36,140
1429273,22,168
1449898,52,173
1438856,59,188
1483069,13,157
1487509,34,122
1486744,12,186
1430485,41,147
1493460,48,184
1484413,53,149
1412965,60,164
1455965,17,140
1420804,31,189
1413681,26,183
1462786,14,182
1479774,42,127
1435225,37,185
1442101,44,181
1490447,50,136
1446481,45,138
1404125,34,145
1403527,46,147
1466272,49,148
1490461,13,128
1477014,21,161
1425526,18,184
1496863,23,188
1427051,18,120
1425651,49,156
1479392,35,194
1486295,15,195
1491021,37,194
1419880,51,157
1464078,36,178
1415101,19,191
1457387,33,153
1456265,39,157
1497025,16,132
1498203,55,195
1467918,39,136
1405942,34,177
1453391,27,157
1456699,49,176
1438335,37,129
1427152,37,140
1416501,36,124
1473019,13,178
1428213,24,192
1499513,26,175
1411528,17,127
1472636,14,122
1491691,21,187
1455974,43,153
1425246,17,190
1410090,30,159
1452800,27,179
1458253,37,139
1489024,55,187
1431465,49,132
1411920,43,138
1475117,59,175
1433545,34,165
1444462,53,194
1467304,22,172
1467306,47,131
1469464,33,172
1486937,41,153
1433584,36,129
1403133,21,143
1446409,30,167
1479942,16,168
1405556,44,133
1499185,35,151
1469267,35,159
1472199,31,131
1451354,30,137
1451292,24,189
1413929,15,134
1407984,38,160
1472284,52,142
1475372,35,188
1464780,51,193
1410031,15,168
1457509,42,179
1472468,20,186
1452413,13,142
1460403,32,129
1497177,43,154
1458114,48,145
1447618,54,194
1467426,60,132
1436002,16,193
1434866,57,161
1468532,34,125
1416921,59,191
1437869,14,128
1461407,55,191
1496469,55,161
1423288,27,186
1448201,23,153
1408954,41,144
1486861,54,193
1468370,35,145
1468443,39,135
1479897,42,133
1424116,40,139
1457561,36,122
1407710,30,184
1419876,50,156
1442637,19,143
1407431,44,134
1432229,27,186
1462504,39,148
1441124,45,188
1479363,17,176
1448808,28,147
1473751,38,133
1431897,47,164
1484376,39,178
1414870,39,195
1410610,37,133
1443924,39,179
1415215,17,146
1471664,23,126
1485496,54,143
1436209,19,120
1442765,48,178
1418653,39,145
1426078,49,142
1452252,18,172
1459014,56,137
1484547,25,181
1400829,41,186
1430344,40,166
1463224,40,157
1450150,55,172
1418608,40,154
1447169,49,123
1457545,29,150
1445448,44,183
1403757,57,131
1489242,51,176
1495706,17,175
1414616,47,141
1436956,45,158
1421645,37,177
1444115,18,153
1435476,50,184
1400811,59,165
1419187,14,121
1401831,42,186
1422542,29,167
1490783,32,129
1468924,40,163
1485147,22,137
1448768,19,149
1489717,59,170
1425050,47,180
1492566,45,174
1495355,54,185
1471302,45,184
1422948,24,156
1452818,32,130
1446449,21,129
1409477,49,162
1455468,25,142
1422045,46,151
1459395,31,158
1449394,12,195
1440025,19,146
1420576,36,164
1459516,49,194
1487310,28,135
1445788,17,160
1445717,27,145
1471568,28,143
1478478,43,183
1448979,57,173
1411721,24,141
1402663,31,156
1435727,24,184
1435463,33,137
1416596,47,163
1423676,42,122
1443182,43,178
1423045,16,144
1407459,18,122
1424483,23,158
1419133,35,147
1442977,40,193
1455493,14,170
1449857,24,181
1437842,56,185
1470884,49,121
1447481,18,190
1465073,33,191
1421033,57,184
1488773,42,121
1410331,58,126
1430331,55,140
1442664,48,152
1423752,28,165
1496036,27,160
1424092,18,141
1423341,54,188
1432916,46,171
1491193,29,127
1401891,24,151
1467478,48,132
1420927,12,156
1486282,31,193
1478431,55,125
1479146,49,162
1442709,44,165
1475724,40,181
1405733,43,172
1455620,54,126
1486649,23,134
1422714,38,130
1429911,52,165
1466293,37,156
1466844,14,165
1457473,56,158
1480579,41,159
1479793,45,187
1453421,43,139
1498735,42,136
1496255,59,123
1480320,27,146
1433261,49,173
1410181,13,188
1449142,32,186
1496095,37,142
1442910,19,133
1452110,55,172
1411405,36,162
1434330,34,123
1410807,27,191
1473151,60,170
1403483,57,131
1477763,13,140
1492798,16,152
1456208,46,174
1481156,36,158
1480153,41,175
1447531,13,131
1449373,51,126
1464147,50,176
1460394,29,143
1471538,32,151
1444255,56,156
1427363,15,155
1464651,56,159
1466517,26,130
1481679,50,167
1444416,17,154
1443486,48,144
1404528,55,179
1478495,27,145
1470614,55,183
1491133,12,167
1420178,12,161
1437819,38,162
1423982,38,195
1486732,55,166
1470523,43,142
1408812,43,160
1454504,56,159
1470094,18,126
1434558,52,180
1479910,43,195
1451576,16,176
1495105,60,188
1481082,12,127
1468415,20,131
1400738,41,183
1438097,26,145
1483021,23,130
1441650,32,181
1477297,37,164
1476018,60,133
1445722,19,149
1478180,37,185
1459466,60,169
1460443,45,177
1413557,42,185
1485615,52,146
1468926,32,172
1488952,41,165
1432132,27,160
1451053,15,150
1450005,47,154
1484312,14,123
1474725,25,140
1414755,39,126
1457551,42,145
1484122,28,152
1410228,39,148
1404300,54,171
1487261,48,144
1474264,20,150
1440786,41,194
1486789,30,162
1439152,56,135
1420523,28,145
1464584,42,158
1442182,17,165
1446350,42,128
1483661,40,149
1439081,47,188
1433766,12,194
1496212,16,147
1437682,18,177
1470944,28,128
1452165,22,170
1461790,29,195
1443875,39,124
1421287,30,122
1427031,26,126
1483859,21,158
1499644,12,123
1430593,14,170
1415319,43,166
1463796,21,171
1461115,14,173
1408355,38,180
1401259,19,191
1489667,45,193
1431148,43,126
1476257,27,175
1492323,16,130
1423645,54,120
1474139,55,122
1450927,40,147
1407509,39,181
1442478,52,181
1484129,38,139
1416976,16,168
1421236,29,132
1468710,20,176
1433475,14,145
1434771,34,177
1408573,59,180
1456986,36,171
1486766,54,194
1453023,14,172
1433907,24,182
1412501,44,136
1488517,35,152
1454583,48,180
1422228,35,191
1405712,28,133
1469176,21,136
1482761,37,185
1457292,26,138
1469755,57,149
1467224,30,151
1494365,47,144
1485938,44,164
1443554,30,192
1470292,59,133
1415165,24,177
1430934,26,187
1489133,17,177
1441392,32,154
1417212,56,182
1498870,44,127
1470547,40,139
1490572,34,165
1428028,13,177
1425706,32,180
1457858,48,154
1477036,41,138
1409234,57,131
1446527,37,158
1484239,16,141
1463126,29,195
1450661,57,138
1417576,24,143
1497487,39,166
1411232,18,160
1466201,13,122
1409387,19,127
1419533,19,158
1402241,16,184
1483915,51,142
1420023,56,157
1408520,24,142
1432055,38,130
1488097,47,128
1415612,35,121
1416657,53,150
1496789,44,166
1419954,50,161
1416453,13,169
1439138,22,124
1455946,17,175
1464493,41,160
1447241,13,183
1403905,31,186
1468583,16,130
1417436,46,133
1425098,53,126
1407529,33,160
1439789,28,151
1440672,34,147
1476873,46,131
1460167,53,120
1438603,56,176
1493830,34,180
1462584,37,144
1446031,47,180
1478760,33,153
1497115,20,158
1401858,34,139
1417844,18,195
1494217,26,155
1477124,43,183
1421279,21,147
1405777,29,136
1443853,14,195
1423518,60,144
1458583,29,184
1440056,19,135
1469251,44,181
1409671,55,131
1494864,51,187
1497888,32,177
1499224,55,140
1405750,45,192
1484707,36,130
1478471,26,130
1426442,32,123
1473180,51,150
1409529,57,193
1415919,46,142
1473764,56,168
1498087,28,122
1458302,53,159
1472776,38,151
1459855,38,186
1423845,13,143
1429346,54,135
1443600,25,186
1439052,25,172
1425228,23,188
1425280,37,123
1465396,29,129
1490732,16,168
1487207,42,182
1488982,23,194
1451295,38,175
1482642,45,175
1491707,47,127
1407826,12,187
1453458,34,125
1412630,19,142
1466276,41,133
1407233,27,125
1407900,59,137
1480560,27,170
1482103,26,123
1408977,39,172
1474753,17,162
1447087,19,154
1443967,35,138
1475817,40,168
1411192,32,126
1474169,37,139
1458756,44,150
1401396,21,185
1436081,22,129
1434368,45,191
1417249,24,149
1498480,15,124
1437408,37,188
1490836,17,127
1494319,54,133
1497571,30,172
1463200,54,128
1461014,30,141
1488727,24,123
1405629,14,136
1414491,49,152
1458840,35,189
1488939,58,183
1434716,32,146
1471456,49,124
1404997,22,139
1471703,26,180
1414220,48,164
1465992,57,188
1411498,25,144
1423100,58,179
1442392,45,167
1418967,13,122
1455928,31,172
1494638,41,127
1472195,53,190
1406388,42,123
1472608,55,161
1456244,21,153
1459286,51,176
1486542,28,160
1453824,45,194
1469219,20,192
1427005,50,179
1438332,59,195
1411455,17,161
1492495,32,161
1474822,34,129
1453079,29,190
1451027,36,195
1400926,27,173
1470833,37,139
1416243,13,172
1466916,26,157
1433163,35,185
1482315,48,129
1450881,43,171
1415597,12,135
1436009,33,183
1492219,17,146
1461132,56,122
1498251,37,172
1471692,33,174
1487777,22,145
1400737,33,186
1407450,35,169
1483208,40,167
1402100,42,180
1493810,15,170
1488093,32,176
1426801,24,166
1477448,12,150
1419754,49,131
1435851,49,131
1410745,17,190
1419441,52,127
1472229,36,189
1415721,25,144
1430036,42,151
1499933,59,123
1404491,17,185
1480649,24,177
1457443,45,156
1433559,15,147
1484224,13,162
1432824,40,195
1494964,53,186
1418379,21,179
1424283,60,149
1475403,21,154
1479655,51,145
1493528,25,130
1406799,28,121
1493321,15,172
1440029,45,126
1464565,54,177
1498648,31,152
1472697,51,152
1453382,16,178
1407502,12,129
1491216,40,150
1445475,58,181
1406700,36,185
1477553,37,154
1475790,27,151
1458575,55,166
1421939,57,165
1433197,44,168
1459060,19,195
1430986,24,125
1437530,41,168
1416306,17,184
1402060,22,192
1480095,32,190
1441230,42,120
1419154,14,149
1456248,17,134
1458064,53,125
1419392,43,143
1477169,36,184
1476220,42,190
1487826,29,153
1422907,50,173
1487000,22,166
1461200,23,174
1465649,29,189
1491733,58,141
1405940,38,130
1439012,18,140
1461744,48,194
1440594,34,185
1441273,20,121
1462078,14,158
1473116,18,180
1499150,23,164
1441478,23,184
1470541,51,160
1450253,50,140
1477752,33,181
1486574,26,177
1409239,45,132
1483230,43,195
1414784,14,176
1427293,53,156
1442817,13,175
1493592,57,153
1406554,30,183
1467534,56,179
1425418,37,146
1429468,23,129
1440911,49,175
1430756,36,130
1476369,51,147
1404012,53,147
1447270,15,176
1493268,20,179
1442965,34,138
1492893,53,147
1411611,27,157
1426200,16,140
1445267,59,185
1490713,32,187
1498933,22,182
1417236,40,134
1480406,14,135
1434309,52,127
1424000,36,121
1401263,15,166
1453648,57,131
1489681,13,137
1449499,60,183
1474467,32,156
1468325,24,171
1485371,24,184
1492373,37,147
1441852,25,121
1413019,53,172
1447679,59,135
1419352,34,159
1433405,24,123
1466954,30,147
1474316,24,138
1419386,45,181
1497119,33,130
1455146,50,192
1455123,32,142
1457944,56,124
1467927,36,130
1474473,44,165
1496030,30,182
1465766,44,190
1449784,55,171
1470587,16,179
1451628,20,188
1478603,14,189
1427237,18,124
1478923,34,154
1418511,51,187
1464636,42,192
1454364,14,158
1473799,41,144
1476051,48,146
1469911,12,143
1450828,53,164
1453272,45,182
1485260,55,142
1417491,25,131
1471321,54,177
1462379,35,165
1444762,58,156
1497720,59,194
1461669,18,122
1407408,31,163
1435071,29,139
1456229,14,161
1496157,29,157
1465598,17,128
1404593,54,155
1445960,31,192
1427792,27,151
1465404,60,136
1409062,22,171
1420438,18,176
1468275,19,160
1447251,57,131
1419699,21,124
1426899,39,158
1425924,15,133
1484418,13,125
1487072,36,178
1416301,24,127
1426308,23,184
1473182,38,165
1443309,41,145
1487371,17,193
1433534,51,177
1421383,18,174
1437484,47,175
1456601,57,171
1482410,29,149
1497811,24,154
1437385,37,168
1456769,54,169
1496664,21,186
1437315,54,185
1427721,44,126
1494669,47,135
1495581,30,193
1462877,39,140
1461370,30,179
1409512,51,174
1441727,45,155
1491192,32,151
1456798,16,128
1449827,58,188
1493607,22,167
1443451,22,169
1498662,39,149
1458763,36,134
1466308,53,148
1481286,46,160
1450874,34,140
1400629,14,131
1459333,32,144
1467802,17,147
1437106,20,156
1430603,25,126
1484324,17,151
1412395,12,193
1490711,50,142
1405387,50,153
1471712,57,154
1484563,31,143
1400907,56,151
1448150,46,151
1428477,36,162
1410363,59,124
1403520,27,139
1420040,34,155
1454144,27,167
1429145,57,192
1453891,15,129
1456429,60,172
1424740,50,166
1418076,46,138
1433075,30,162
1481827,48,139
1454736,58,173
1478500,57,139
1497637,57,122
1492000,13,143
1464835,59,190
1468085,52,181
1443610,33,134
1458155,49,166
1410244,53,122
1459746,44,179
1411895,29,194
1496738,46,155
1474097,44,167
1445488,50,153
1436778,19,195
1428143,47,176
1461700,46,155
1407947,41,170
1445152,56,167
1401217,40,187
1471677,59,127
1403209,47,161
1437185,41,189
1460981,18,195
1442858,15,161
1466249,44,186
1460921,44,163
1437871,26,153
1401083,18,137
1473004,38,157
1492756,15,152
1430923,58,176
1451484,15,158
1449422,39,153
1416941,37,127
1405243,46,183
1453888,56,141
1430084,42,143
1482301,57,174
1423586,58,135
1402114,44,124
1405164,58,177
1483941,22,178
1480451,53,189
1404779,13,185
1433260,48,191
1473227,26,132
1406103,42,192
1489278,49,190
1493457,18,165
1431410,35,134
1428252,51,182
1443822,25,137
1449014,17,153
1442629,39,127
1436116,31,133
1403197,57,159
1475755,58,124
1423740,59,152
1482374,17,174
1433334,56,182
1455766,47,184
1410180,54,173
1439910,35,175
1405180,48,144
1413922,12,143
1405746,27,137
1441271,34,127
1455713,37,191
1408301,29,185
1483070,60,129
1494641,28,150
1464975,34,123
1428190,60,187
1430810,56,164
1438747,44,172
1434789,15,192
1491138,59,167
1419071,59,126
1419809,30,154
1440077,46,165
1411266,45,192
1406361,35,185
1410084,48,164
1499981,25,126
1464976,41,121
1430509,46,120
1473735,25,181
1469739,59,176
1444368,46,194
1459275,46,140
1403662,57,130
1409376,57,148
1404555,36,164
1433851,31,121
1441412,31,184
1439609,52,158
1429993,55,185
1486457,59,125
1475368,19,123
1455405,36,182
1409199,22,137
1465321,36,141
1421960,24,165
1419224,56,167
1447778,26,167
1437924,39,160
1429250,15,132
1427514,16,158
1482416,36,159
1430460,52,151
1428462,40,153
1470894,46,155
1458169,38,179
1439433,25,165
1455290,12,161
1435814,55,168
1486805,42,128
1480452,46,134
1441963,15,163
1404810,44,136
1434593,13,179
1441186,12,192
1482993,46,131
1403731,33,124
1452814,57,123
1472658,23,127
1487456,26,188
1452099,48,127
1439699,50,170
1441218,42,177
1437904,52,121
1431282,57,149
1479419,32,171
1415706,55,130
1428749,24,147
1441538,58,128
1424179,55,121
1434551,20,168
1408638,39,124
1451146,28,186
1446869,54,150
1452394,35,184
1447491,55,187
1495800,42,192
1422246,34,177
1480478,31,140
1410853,55,154
1415802,47,141
1430823,40,164
1494786,44,167
1448289,33,124
1450687,12,145
1441893,57,152
1417754,54,184
1450083,33,122
1460032,35,189
1413261,31,168
1416780,55,132
1488472,47,184
1436196,19,173
1408941,22,189
1418691,40,187
1417877,20,129
1416056,51,163
1425053,41,149
1434023,36,190
1448224,24,144
1436119,13,138
1440758,18,149
1468481,51,161
1442542,19,153
1478079,47,127
1407757,58,122
1424951,15,120
1433816,23,145
1464630,17,131
1474697,15,132
1443440,52,156
1455733,45,120
1434872,56,178
1410897,12,176
1440446,20,146
1499838,32,149
1416410,48,123
1493209,48,168
1433225,48,190
1469953,38,187
1480234,18,140
1452768,45,134
1433797,48,166
1438189,55,178
1450043,38,148
1467513,51,126
1400067,44,194
1439555,12,153
1407482,21,143
1400346,45,165
1443645,60,152
1445064,43,170
1490655,38,175
1468446,37,139
1441386,26,148
1464376,21,181
1413450,32,173
1444273,50,123
1499434,29,148
1415036,24,125
1418201,59,138
1414567,26,182
1433111,49,138
1491456,59,151
1433005,49,188
1428019,30,191
1468850,29,190
1475760,30,181
1488852,20,158
1469084,60,186
1416041,53,174
1425674,45,135
1403228,17,190
1464633,56,123
1484055,20,132
1444603,39,177
1422467,44,120
1466534,33,139
1492045,46,162
1471475,40,184
1412486,36,152
1403290,32,139
1481735,33,147
1434243,58,152
1452332,30,153
1468638,32,184
1460749,25,165
1446512,15,137
1438978,19,174
1458361,15,151
1480998,49,121
1465566,47,183
1417837,46,172
1446329,43,135
1462187,43,122
1412992,35,128
1469210,29,125
1444960,44,194
1411091,18,195
1469227,16,155
1469889,33,146
1481632,28,136
1498747,45,136
1436988,41,180
1484515,49,165
1414392,37,174
1422046,43,171
1454207,21,186
1499966,18,158
1444146,60,170
1459621,54,172
1426085,16,130
1416249,59,127
1481583,52,186
1424001,16,191
1427726,26,167
1453357,46,165
1484243,21,170
1431209,35,186
1464715,50,134
1408777,37,183
1438736,47,153
1476235,38,190
1472050,40,184
1441489,33,160
1476595,45,159
1422383,34,173
1435284,33,182
1445626,26,186
1453314,43,128
1472017,46,139
1444604,24,176
1493490,35,120
1410560,51,174
1412197,60,179
1446478,34,156
1443617,45,156
1406931,60,178
1412541,18,123
1485117,30,148
1422566,15,147
1486933,20,136
1484575,23,139
1472218,49,164
1491706,31,153
1466059,46,124
1437160,12,138
1473208,22,185
1420202,12,193
1461161,35,123
1455504,21,181
1495156,14,187
1486478,31,156
1404247,58,189
1432305,41,141
1406119,33,159
1488160,56,124
1491252,35,162
1481460,40,175
1467993,52,188
1431255,47,153
1408784,30,123
1494681,50,186
1401369,15,187
1427224,32,137
1465188,22,195
1437296,46,160
1434831,33,151
1452777,38,136
1452695,23,164
1403577,30,149
1400072,46,173
1498751,52,133
1413912,20,175
1490120,49,182
1471439,26,191
1433243,23,143
1408016,35,122
1415116,55,168
1435951,40,165
1431887,30,181
1410317,12,185
1495090,30,137
1416295,17,181
1476921,50,128
1467571,18,143
1494910,50,195
1418092,26,179
1432188,28,132
1464935,16,126
1407306,20,164
1432311,35,181
1482995,29,159
1441632,17,139
1492360,16,121
1424090,50,139
1434482,52,151
1404191,14,162
1456226,35,184
1499143,60,180
1443119,20,147
1492414,60,122
1411955,51,164
1494858,36,188
1441972,45,155
1419529,35,129
1471183,40,171
1452757,44,159
1492862,24,170
1462962,17,174
1453453,57,183
1417096,60,159
1413309,29,194
1417078,25,120
1440322,36,154
1487425,41,123
1466890,38,133
1496701,29,165
1471765,21,152
1498166,42,125
1405647,25,144
1464948,55,136
1497377,12,134
1407531,39,183
1412582,38,176
1434132,54,177
1423524,19,129
1497058,46,171
1492410,44,190
1413442,14,162
1474583,57,148
1457740,29,188
1408372,43,172
1437299,44,143
1406627,59,173
1457835,52,124
1478885,55,192
1481986,59,158
1403485,16,188
1482329,14,166
1479569,35,163
1494346,29,127
1412665,49,134
1429776,49,136
1444385,53,120
1417005,18,178
1434114,27,147
1497170,57,131
1494405,59,180
1490522,56,148
1498250,24,140
1498012,19,120
1443731,18,135
1482563,29,121
1422531,57,163
1407476,57,160
1437805,29,161
1479803,46,165
1430900,38,181
1420345,12,152
1416725,22,147
1400118,55,184
1448981,44,120
1446268,18,178
1414597,29,170
1444315,27,142
1476750,15,157
1416200,23,141
1406916,16,161
1421364,19,139
1402978,19,189
1425131,48,182
1415180,33,181
1466068,47,140
1455606,56,138
1426762,35,127
1414830,55,137
1415704,19,121
1483462,33,127
1498304,40,173
1420123,15,162
1418863,52,163
1427450,24,160
1426888,14,188
1455814,41,137
1499213,20,133
1435763,53,185
1421975,19,185
1493775,45,177
1479150,33,190
1424706,27,143
1451049,23,172
1493019,14,179
1435330,23,149
1440954,55,142
1472273,13,125
1499230,22,160
1489394,26,149
1406123,44,172
1491106,36,154
1417942,39,151
1479675,50,147
1461065,52,136
1413411,58,149
1423667,19,128
1440098,18,170
1417053,44,120
1430704,17,135
1476003,48,192
1467925,42,126
1415520,34,143
1432429,23,192
1449001,54,128
1400922,33,140
1468364,42,155
1455018,27,126
1473787,18,152
1453832,42,169
1443264,48,172
1402495,14,139
1414430,21,193
1488547,16,153
1479616,13,124
1476154,48,182
1426465,29,145
1463192,16,165
1490919,20,181
1496680,12,131
1440449,60,179
1443832,51,150
1405019,20,162
1446311,20,179
1436291,54,168
1486832,25,175
1414865,36,193
1419645,15,128
1488327,40,172
1470945,41,130
1486795,27,166
1462923,33,120
1410483,53,186
1434890,43,194
1410765,47,136
1422123,21,168
1486259,21,162
1443364,25,136
1448978,12,191
1461401,30,191
1411334,21,193
1423476,28,139
1414899,49,151
1463399,12,178
1404184,48,176
1481621,25,160
1456442,33,152
1405167,14,164
1493312,42,145
1449276,20,137
1429111,57,131
1464701,37,157
1402841,16,171
1450957,43,159
1486160,16,163
1475516,24,165
1417685,50,155
1429971,44,171
1463714,51,182
1430341,53,151
1427858,46,185
1436111,25,151
1456357,12,189
1428058,23,194
1440292,15,162
1458168,56,121
1416783,21,123
1479465,38,120
1409749,44,151
1431895,56,178
1444360,26,185
1446083,35,139
1469552,25,172
1437952,12,184
1417933,53,151
1480500,57,164
1466880,29,182
1477558,19,130
1445065,43,179
1419742,26,169
1459418,50,150
1405277,42,156
1418694,47,155
1493789,35,157
1473293,52,144
1482597,20,166
1427995,12,147
1495631,42,186
1408721,12,194
1465087,22,164
1416325,34,152
1442806,39,189
1437209,54,178
1434099,38,170
1444180,38,139
1486031,20,183
1452360,33,162
1457573,18,176
1491059,28,121
1481861,18,133
1472566,19,152
1441047,15,156
1411064,44,153
1413336,17,131
1427080,45,176
1486721,60,144
1437774,26,156
1478142,29,184
1464641,24,192
1469964,52,178
1450281,59,126
1460796,48,190
1430147,28,179
1429150,55,154
1463983,16,195
1480195,38,188
1417480,39,167
1443550,60,124
1461733,25,151
1479798,23,177
1473434,57,174
1473236,35,174
1446417,14,187
1434350,31,134
1465706,44,149
1416905,39,173
1408241,35,171
1481842,36,153
1442291,47,147
1410658,39,179
1498015,58,194
1467003,26,160
1462832,55,174
1471695,16,125
1420172,12,137
1443043,34,158
1459850,40,138
1403654,38,189
1444321,33,123
1464101,57,141
1487004,13,187
1467672,46,155
1402604,23,193
1429464,24,162
1458598,38,172
1492214,22,177
1438766,37,157
1457662,51,154
1432364,56,129
1437198,41,194
1448937,59,142
1428934,58,122
1419548,32,164
1446563,32,149
1479272,52,177
1447700,52,172
1439466,29,183
1475026,40,189
1470379,58,169
1475116,54,162
1446578,13,130
1412019,50,144
1404983,30,171
1446921,60,172
1425907,23,179
1449867,60,135
1446685,23,168
1406904,35,190
1416893,30,159
1479956,52,180
1483089,30,142
1496883,45,161
1460459,52,140
1467524,57,173
1492073,50,171
1426212,53,168
1414909,30,155
1463677,45,163
1470906,17,148
1438206,55,142
1454137,44,138
1425443,38,154
1437118,34,161
1410628,60,141
1402804,38,153
1423133,59,161
1451427,23,171
1478210,16,130
1488075,38,163
1498023,47,136
1433083,35,132
1415846,23,146
1436884,25,160
1469681,19,143
1464089,41,135
1451108,46,173
1488165,51,190
1495399,43,182
1467450,49,146
1435276,31,194
1407214,43,140
1457180,40,151
1482054,24,131
1431717,14,159
1462321,50,123
1491509,41,178
1468172,23,183
1424692,17,133
1402519,40,182
1401345,30,137
1465694,52,175
1414180,48,168
1494165,51,170
1467780,34,120
1466768,29,187
1433453,20,159
1408920,14,182
1426769,43,163
1461355,37,155
1490377,44,149
1445370,29,185
1495082,46,124
1413467,48,183
1439474,41,143
1408181,55,121
1480203,49,167
1438517,13,142
1406328,20,139
1488069,31,153
1490663,28,153
1465695,51,181
1479748,22,186
1451485,17,138
1404468,14,156
1459966,31,140
1448333,27,157
1496962,21,150
1479312,54,162
1423359,53,150
1485270,53,167
1430340,50,159
1402086,46,157
1494265,51,135
1419567,35,142
1411143,37,185
1434045,19,142
1447738,23,150
1416450,14,149
1457063,45,126
1460284,55,133
1411972,14,189
1437110,44,162
1458536,32,122
1424909,16,135
1438289,18,143
1430790,58,125
1466066,36,135
1493777,53,160
1452334,44,120
1464639,49,172
1415517,28,164
1414785,35,174
1420548,14,131
1421881,49,168
1449087,25,123
1402172,27,148
1486126,20,154
1401686,47,136
1451009,42,131
1408575,46,194
1424111,32,191
1466646,33,183
1484190,23,125
1417776,22,132
1445939,20,141
1491976,48,128
1439301,35,161
1476775,35,120
1493787,56,159
1462908,24,133
1491559,33,148
1439798,31,167
1409252,34,149
1437130,17,123
1456224,26,180
1490772,57,156
1439785,13,180
1402714,48,124
1427218,24,189
1438485,51,142
1441056,26,180
1401233,36,174
1440001,37,139
1430846,51,189
1404717,47,121
1482409,16,193
1427055,18,176
1490559,58,178
1416454,33,130
1494693,31,171
1439644,40,170
1495714,47,171
1491816,32,161
1462262,53,187
1463855,57,135
1446228,26,145
1406269,36,164
1483301,42,159
1481811,32,184
1429821,32,195
1462107,40,182
1497820,57,195
1444163,16,142
1422162,31,122
1406527,28,144
1448757,56,152
1400547,23,178
1410565,48,184
1417018,60,144
1451689,25,130
1488538,29,167
1471982,15,132
1448951,35,133
1498227,28,171
1406782,50,138
1476202,50,195
1436454,55,189
1476361,14,157
1468895,31,193
1462655,60,147
1495893,17,143
1444151,30,140
1479162,42,133
1490023,12,167
1455765,22,125
1466626,55,166
1493076,46,171
1441125,35,127
1461460,38,177
1429727,22,189
1405401,22,169
1409315,21,124
1482569,25,160
1463225,56,176
1439371,57,122
1455102,23,170
1402680,34,186
1431448,32,154
1439044,51,141
1402734,32,133
1450924,13,184
1485998,42,149
1445534,47,125
1466472,47,176
1427515,19,164
1407587,39,153
1427248,31,152
1466432,29,161
1436250,18,168
1490563,34,189
1498782,36,130
1458971,41,183
1476849,36,178
1498235,50,132
1472287,32,192
1400170,42,178
1475788,16,194
1490759,26,140
1478970,54,187
1400119,30,170
1495161,46,181
1480368,33,137
1491286,31,195
1494696,51,121
1413011,18,128
1477854,51,148
1413492,44,161
1414536,52,179
1472930,51,151
1485403,20,153
1458797,42,189
1429739,60,141
1487461,32,193
1488764,32,175
1494386,19,162
1474651,46,164
1430456,42,179
1443438,30,195
1403447,34,183
1401378,53,136
1488599,53,121
1425691,44,141
1424104,53,161
1470788,43,167
1489625,32,160
1429835,58,179
1438376,24,148
1448891,60,182
1486815,19,185
1432540,35,123
1487782,19,177
1426540,21,135
1412157,17,137
1428750,42,148
1466775,12,195
1495948,53,121
1495033,47,160
1425256,12,160
1473002,52,181
1436597,39,188
1420856,29,136
1491018,60,167
1406634,55,192
1435298,12,152
1473425,52,122
1406138,19,166
1427089,16,175
1446652,12,166
1441482,18,188
1468124,21,153
1432279,38,139
1481617,18,169
1428697,47,174
1423158,33,127
1474487,38,140
1499243,18,156
1445478,29,148
1412860,60,180
1403497,14,130
1444254,57,186
1437340,16,142
1437494,57,156
1446862,43,126
1424583,49,184
1495117,60,166
1469215,22,186
1423704,35,191
1418877,37,134
1468322,24,159
1431280,13,155
1434413,60,132
1425926,43,171
1469807,51,169
1463325,59,131
1410954,23,169
1475276,31,178
1455906,31,140
1467582,31,123
1474313,21,151
1426199,19,140
1423323,14,187
1424288,55,176
1433806,46,154
1496085,42,145
1434250,16,162
1452064,24,188
1464606,42,174
1475768,35,192
1434835,51,151
1468252,44,166
1483520,31,181
1488761,53,147
1465247,36,186
1418810,48,125
1437241,59,187
1476467,21,131
1473866,20,174
1432240,13,178
1468738,48,166
1428981,24,189
1482001,28,157
1439784,43,121
1441597,36,174
1491027,33,162
1462893,43,170
1496436,55,158
1483577,48,160
1433339,55,169
1479714,51,194
1412457,55,174
1453733,28,168
1404847,32,168
1471002,56,130
1434395,31,181
1435568,51,181
1452828,36,170
1422244,31,172
1462251,38,176
1406607,49,184
1464517,24,178
1413817,19,166
1423714,53,166
1476364,27,183
1420008,18,141
1480569,56,176
1417700,60,147
1490299,57,181
1484805,33,193
1494178,23,147
1493102,35,149
1458764,53,192
1455623,46,195
1497406,28,188
1435218,42,189
1406352,56,190
1430381,18,165
1447586,27,162
1430863,58,121
1449600,50,157
1445727,58,142
1403613,17,180
1405814,33,147
1473007,59,147
1417358,21,136
1474228,50,166
1494181,48,193
1455023,25,179
1491934,55,134
1441980,28,160
1437549,25,152
1479821,55,129
1440023,41,144
1462201,40,188
1434732,60,147
1458925,18,156
1411434,40,179
1487120,38,141
1437349,17,131
1410922,15,184
1412570,29,125
1427305,40,154
1446144,37,136
1459743,57,179
1442870,13,141
1463606,38,134
1495682,31,145
1464531,13,151
1425442,23,127
1414172,43,147
1433574,46,138
1435401,23,191
1452901,33,186
1479566,24,164
1434122,45,169
1408474,41,148
1484869,22,126
1409832,15,125
1456641,32,191
1459533,49,141
1421709,29,179
1467254,50,142
1488947,48,142
1487803,46,120
1472980,13,169
1463061,38,188
1432864,33,176
1435422,59,165
1466866,41,188
1485024,14,192
1409718,34,124
1499583,26,183
1490837,16,127
1433222,21,163
1462731,55,159
1478265,24,131
1433927,53,163
1476730,49,175
1455220,27,135
1478234,42,191
1467924,15,183
1426790,52,176
1486639,60,187
1418290,41,173
1474691,52,172
1429941,20,176
1476156,37,165
1421469,53,120
1445738,32,171
1481004,38,128
1481929,18,131
1435058,43,171
1493298,30,192
1488260,47,137
1499362,19,158
1418144,19,132
1475709,12,123
1493459,20,183
1450355,51,144
1406580,19,177
1458659,49,142
1432448,15,167
1456858,23,124
1421097,40,183
1465623,53,124
1460350,24,184
1450735,39,189
1476148,28,172
1475301,25,190
1446708,46,157
1486065,55,130
1433577,30,194
1458732,25,163
1478809,36,132
1445945,41,122
1405646,20,148
1418120,36,146
1461582,34,179
1472292,32,125
1439512,55,143
1483751,22,181
1404067,50,149
1426121,39,190
1470903,26,138
1492515,37,177
1412044,59,188
1469783,49,187
1467472,18,174
1438569,60,122
1431769,16,154
1445094,51,135
1429266,23,133
1462628,24,161
1413235,22,181
1435637,14,185
1419852,29,186
1416706,21,165
1452556,17,167
1497358,18,171
1454175,50,141
1497507,52,191
1464164,33,183
1419449,56,139
1410371,46,130
1442266,38,139
1425795,51,184
1461534,34,142
1477480,19,127
1426688,15,156
1417675,44,137
1457470,31,142
1464017,49,154
1436993,40,168
1410010,40,178
1488556,60,171
1405294,32,171
1460439,42,167
1451822,48,152
1494244,52,129
1402015,20,194
1491667,19,160
1427930,28,194
1481865,54,172
1447476,40,158
1478524,38,149
1437051,51,139
1440405,55,156
1418783,32,179
1413567,34,122
1459539,43,165
1449325,51,177
1494636,39,138
1488718,38,174
1454735,58,144
1411039,12,124
1463607,45,144
1406432,39,173
1497229,17,147
1427284,19,194
1475505,53,132
1495339,56,130
1452920,12,193
1405114,21,182
1428096,32,146
1443706,25,157
1479422,16,131
1432753,24,182
1453948,42,181
1450428,34,156
1432734,47,191
1444921,17,137
1408423,23,173
1449473,13,152
1443093,44,123
1473849,22,154
1420872,32,129
1462091,52,143
1462567,38,184
1401639,60,155
1438021,17,150
1493699,35,149
1430187,35,150
1472607,20,125
1499964,13,149
1491278,21,133
1407967,39,162
1467276,26,164
1484081,35,159
1480740,49,181
1426245,40,166
1485599,32,127
1411649,15,185
1486452,33,149
1433896,44,181
1486531,27,136
1419963,59,142
1424282,13,153
1473852,29,187
1452665,54,141
1481563,53,194
1481319,20,125
1411812,14,138
1479739,46,180
1472854,44,166
1438523,37,169
1449723,30,134
1478756,37,169
1402846,29,126
1477182,27,163
1452889,17,135
1465574,21,158
1458605,32,188
1463907,55,136
1447404,50,147
1401520,41,120
1476653,13,193
1445814,48,121
1404637,34,191
1462971,29,158
1448283,44,120
1412510,33,187
1477086,14,141
1415642,16,152
1461047,50,183
1456012,29,171
1466809,13,162
1485397,24,179
1419826,55,123
1439381,18,125
1478727,39,142
1497864,37,185
1453203,48,121
1470736,12,121
1466133,53,132
1477701,19,146
1479839,29,166
1452918,55,163
1423241,49,142
1492588,52,148
1423106,37,143
1473410,13,193
1486330,43,165
1402421,12,142
1495888,25,193
1407201,45,136
1469921,54,181
1424250,50,126
1439408,16,173
1449000,58,174
1462212,17,131
1427613,47,121
1484344,15,170
1451272,53,193
1475125,31,184
1419921,56,177
1450292,59,179
1406435,18,180
1473496,46,125
1476056,47,163
1493186,51,195
1446770,21,124
1405874,26,132
1449741,48,153
1488087,28,120
1453352,57,124
1460406,33,140
1458099,56,139
1477359,36,158
1486483,32,154
1482816,21,174
1475906,44,183
1499560,28,178
1484910,50,120
1494429,49,144
1429203,51,125
1492517,30,144
1458885,26,134
1407434,26,164
1407071,60,162
1430798,18,125
1491643,37,160
1458792,46,121
1474153,53,157
1404083,19,159
1428432,43,174
1490555,34,137
1446060,14,146
1435840,27,124
1438763,17,177
1451892,38,164
1411063,32,152
1499097,17,141
1490233,19,175
1434791,34,169
1492230,47,188
1429753,28,124
1414337,59,155
1441187,52,124
1464252,50,143
1447884,20,139
1458750,29,134
1409079,17,179
1447727,49,179
1400994,29,181
1495394,57,133
1414193,51,142
1426375,55,137
1449239,60,170
1426192,52,153
1425156,34,148
1492304,56,158
1403818,20,143
1471912,38,155
1441665,46,195
1440137,40,121
1435299,24,181
1442881,36,142
1419211,57,195
1478136,21,156
1444519,56,138
1471725,19,139
1462446,19,162
1455354,57,168
1425800,33,160
1451865,39,193
1415759,39,122
1494516,12,128
1435416,57,190
1498363,40,165
1408105,55,185
1489456,24,155
1480844,24,123
1491280,55,128
1421937,42,140
1424875,52,142
1414758,53,125
1490682,21,135
1430503,60,130
1497206,58,150
1495574,40,155
1417496,21,161
1408536,46,137
1408525,57,164
1483121,20,129
1479969,18,189
1485347,45,123
1482824,41,181
1449307,34,167
1403579,21,131
1417522,15,120
1407403,36,190
1434101,34,174
1437510,41,181
1447056,27,176
1440234,38,128
1472754,25,167
1425286,60,186
1403839,20,136
1489948,37,182
1478327,25,157
1429091,56,152
1428120,32,188
1449434,30,166
1432971,29,131
1402883,14,166
1429141,23,126
1446048,35,133
1434906,33,177
1407556,13,127
1487765,12,176
1444526,59,161
1476869,49,189
1480736,58,121
1402879,32,170
1479018,48,147
1482031,15,194
1423513,24,170
1449887,26,148
1435897,56,149
1455802,19,126
1416467,16,167
1431622,29,157
1406815,16,186
1443975,36,185
1466136,21,148
1427832,45,127
1479909,18,169
1414996,50,164
1451595,17,169
1441507,33,163
1419316,51,155
1443940,27,147
1483361,58,139
1497068,23,159
1464802,49,173
1456082,60,177
1483672,25,158
1444810,12,171
1485072,51,133
1443383,14,148
1420429,35,135
1421490,45,126
1488950,15,193
1411825,20,140
1465811,29,121
1401410,59,181
1403002,24,195
1412625,33,134
1440499,18,141
1405555,15,162
1493108,37,188
1435367,26,161
1425552,31,125
1426711,49,185
1463876,57,173
1483971,16,155
1478739,59,186
1457970,25,177
1479717,18,158
1477793,51,176
1441071,57,131
1486597,56,181
1492042,21,186
1494466,43,148
1493971,55,162
1471327,18,155
1431965,46,136
1495668,53,120
1404935,58,175
1467748,15,137
1410349,56,125
1437165,13,141
1471968,17,194
1486992,18,127
1415867,12,127
1451633,59,160
1416566,23,158
1409844,26,178
1410819,48,157
1496534,51,145
1445270,16,134
1459168,38,160
1479091,22,144
1406035,34,139
1405001,53,173
1482711,59,177
1461287,15,129
1419436,60,192
1458561,30,169
1407258,28,156
1474615,16,159
1438851,54,144
1427137,21,160
1444957,30,138
1460464,45,159
1428499,17,131
1433733,39,121
1491622,48,148
1475945,38,154
1473848,15,127
1463901,56,121
1496596,29,185
1434669,30,133
1469543,28,166
1414469,28,170
1499931,46,166
1421212,37,160
1414720,59,157
1477887,24,162
1443973,12,169
1423498,20,161
1455860,42,187
1444399,39,126
1483690,40,149
1446999,33,159
1429187,25,185
1467572,17,131
1422176,26,141
1418667,59,178
1412962,12,170
1432325,25,188
1411271,54,131
1413068,56,193
1462736,59,132
1408268,33,195
1429049,13,165
1471780,25,174
1478619,22,190
1458500,44,184
1431002,46,172
1425069,44,165
1465456,20,153
1496833,23,159
1417515,34,186
1494594,36,174
1487191,55,192
1458977,45,122
1495704,60,170
1496830,58,161
1454451,18,187
1448651,12,151
1429582,53,171
1470314,28,195
1402619,17,146
1442557,39,157
1414689,43,174
1454710,27,159
1465879,42,174
1404217,49,136
1462788,40,167
1404733,60,135
1424399,19,144
1428410,41,160
1444928,36,177
1414314,36,192
1458466,21,186
1471177,47,176
1406867,32,165
1430788,47,135
1441422,45,143
1443432,52,124
1496109,31,157
1496033,20,131
1410473,13,166
1407343,21,188
1417041,18,125
1482202,32,181
1472869,22,159
1444393,51,123
1454515,17,120
1464899,15,193
1412581,32,195
1427462,24,160
1484556,27,185
1468445,40,131
1444840,33,176
1453729,13,158
1447436,23,166
1470032,49,186
1451317,14,137
1406104,27,194
1442518,44,172
1405275,60,120
1479229,44,171
1471207,49,165
1408483,13,190
1478447,31,175
1423155,44,175
1476046,49,126
1414703,27,153
1431992,12,129
1486759,53,136
1452336,58,164
1466650,21,188
1482367,31,181
1409143,41,146
1409218,37,124
1411206,54,146
1406351,35,163
1419168,58,168
1474955,26,120
1423892,58,187
1488162,48,141
1486041,30,173
1461488,59,195
1412804,47,171
1485848,37,160
1431271,54,140
1477441,30,148
1455310,59,172
1427755,48,186
1447798,28,121
1444418,27,169
1454050,13,138
1499478,46,156
1437950,46,150
1406423,12,179
1482324,23,142
1414092,59,155
1472624,33,183
1439160,47,130
1489345,38,122
1414907,48,165
1416330,13,120
1439763,39,186
1487051,23,173
1499988,35,140
1458004,29,152
1441146,47,181
1437538,43,183
1431507,38,138
1420445,58,182
1451377,36,130
1491956,50,163
1421257,56,172
1417947,24,177
1449961,21,147
1444147,57,139
1405100,51,166
1424293,32,191
1477138,25,125
1458629,41,151
1407571,33,165
1454438,32,157
1491319,28,195
1480193,57,172
1425792,40,194
1465491,39,177
1410142,12,151
1424361,22,169
1423588,45,181
1435094,13,192
1471134,37,189
1487579,54,153
1454827,16,195
1496047,56,161
1422600,31,175
1457414,55,176
1417134,24,165
1472083,21,178
1404062,24,135
1493177,21,132
1427653,59,177
1470783,16,139
1446663,40,188
1484235,36,120
1479269,50,127
1472483,16,156
1471301,29,175
1451863,22,161
1494565,39,194
1456993,43,161
1452447,40,166
1499645,54,161
1493501,13,137
1492770,59,174
1493387,27,193
1458058,17,171
1428308,44,122
1489492,50,133
1447859,55,147
1454600,56,185
1430152,49,157
1422485,20,148
1485316,23,137
1434435,46,148
1484616,30,176
1480286,32,151
1490230,21,183
1416844,53,193
1427336,29,133
1414102,60,154
1423431,46,178
1449203,23,151
1434891,26,126
1499066,47,143
1483583,19,188
1438905,33,173
1444122,49,161
1456521,39,131
1432343,41,155
1427814,27,170
1492386,26,121
1492864,58,122
1483495,39,169
1444448,38,133
1416914,27,141
1424777,47,195
1435642,40,193
1425590,49,162
1449026,57,124
1464525,25,175
1484346,20,153
1476802,15,190
1495671,42,170
1439968,35,122
1435317,53,179
1415682,33,121
1446587,21,131
1423511,34,158
1466327,43,166
1453532,58,152
1417360,13,158
1494193,25,129
1480123,23,191
1488279,32,166
1460301,15,131
1415782,52,172
1492435,45,155
1432779,30,131
1493309,40,147
1437186,48,178
1434875,59,155
1453570,38,156
1459041,57,186
1492412,60,143
1489326,52,172
1490160,17,150
1444053,42,130
1444057,27,156
1441781,39,132
1400514,58,160
1475498,13,165
1478181,47,189
1472450,34,171
1458109,60,189
1494108,42,186
1454658,34,185
1446129,36,190
1411581,59,184
1434864,17,132
1432940,21,183
1459902,19,185
1440632,12,128
1403445,35,182
1469838,12,150
1482876,41,146
1474652,14,164
1464902,40,191
1455006,14,139
1490279,25,125
1492627,34,187
1443460,17,139
1426341,59,145
1469051,23,169
1447083,25,189
1462581,17,195
1497287,55,187
1482218,34,135
1464198,35,126
1413900,50,145
1405506,23,154
1415937,19,181
1483286,51,169
1427448,40,170
1422663,55,193
1482191,51,175
1400043,36,181
1432513,56,154
1466095,37,143
1497031,36,188
1428662,25,130
1410562,54,136
1473340,19,134
1413998,49,122
1420819,31,144
1405687,34,120
1436068,38,143
1457378,24,161
1406079,49,165
1466346,47,175
1443835,39,163
1428300,52,188
1475668,56,172
1492020,29,156
1416930,51,164
1463690,53,137
1438850,41,170
1428723,16,161
1453097,14,127
1459636,21,195
1476989,16,187
1480875,25,140
1483257,52,153
1436392,20,136
1437721,36,191
1426561,27,155
1412427,14,178
1429748,34,164
1459719,46,193
1449246,44,184
1437765,49,131
1435813,36,182
1473351,51,164
1441979,28,163
1415755,45,138
1424181,51,153
1435169,47,192
1404854,44,140
1435239,36,185
1498739,58,171
1484633,27,126
1466952,43,140
1470627,12,195
1481302,34,188
1498461,46,143
1432283,20,160
1434816,24,139
1445666,45,195
1472777,52,194
1474892,13,153
1439234,25,180
1445862,37,151
1428465,43,120
1474389,24,174
1484275,41,157
1441542,23,160
1421917,27,158
1461752,25,194
1405899,43,151
1492855,55,172
1492741,14,153
1435127,43,173
1487304,57,150
1456689,36,175
1414814,60,152
1415169,37,140
1455819,43,183
1448563,32,146
1451288,35,129
1415588,19,130
1408462,50,160
1413004,19,153
1484009,32,130
1455386,27,194
1496455,47,131
1436298,30,167
1456306,50,170
1464415,23,125
1473750,15,175
1415890,51,176
1434068,50,175
1447350,29,128
1481406,17,125
1434035,47,194
1418384,49,122
1435503,52,154
1441080,43,172
1466219,28,132
1480165,42,126
1479634,16,167
1498538,40,186
1449467,15,161
1414167,48,169
1422107,53,141
1458537,55,174
1444732,39,143
1457150,13,153
1436241,58,179
1476779,44,165
1479980,55,134
1419958,44,154
1464214,22,124
1405431,43,189
1489473,34,123
1479940,31,182
1438679,16,126
1434311,36,175
1478680,32,139
1403214,60,123
1424759,13,127
1415254,43,131
1442734,29,139
1410841,16,164
1454367,12,127
1462884,42,182
1463412,28,150
1463828,21,137
1459983,37,144
1496767,29,130
1439123,16,170
1484152,26,171
1407310,13,164
1464742,58,160
1480816,27,179
1425722,58,154
1441190,60,195
1487757,14,127
1405895,30,142
1464170,22,158
1439494,32,131
1448695,58,151
1440812,50,121
1455410,12,191
1467056,20,189
1477271,51,137
1490047,15,183
1433991,35,122
1470887,48,176
1457707,51,186
1495481,42,169
1475486,37,194
1487347,23,166
1471758,26,158
1487373,36,160
1497134,57,125
1464035,26,194
1452654,38,145
1479213,45,174
1486985,50,149
1418428,13,185
1405316,58,133
1461683,14,168
1424958,27,153
1434911,50,131
1488849,30,187
1483654,58,130
1472448,18,181
1460782,59,172
1452303,47,143
1420157,18,153
1483443,56,129
1484505,46,153
1460941,55,123
1467548,46,174
1431437,44,165
1482268,39,168
1420902,46,135
1462158,24,178
1419033,20,147
1439694,53,192
1475428,32,123
1456984,54,158
1433407,38,178
1409502,34,188
1424013,16,190
1419470,27,120
1401830,20,183
1456852,51,190
1428246,57,162
1482843,34,133
1408452,56,120
1468426,45,160
1493327,54,153
1409398,55,144
1461164,46,133
1475684,56,128
1425731,54,130
1457569,40,144
1402266,53,152
1402441,31,143
1423794,57,124
1492624,35,158
1486949,24,173
1400949,47,174
1411934,41,148
1426129,31,173
1400400,52,170
1478791,45,146
1497463,41,135
1423504,20,125
1489188,54,187
1437364,15,149
1408526,30,124
1466341,12,131
1466088,41,174
1436447,21,138
1407263,59,166
1498446,26,150
1438516,59,150
1482730,43,129
1454479,47,121
1445260,16,157
1473273,43,146
1464466,21,122
1498867,60,162
1442890,60,189
1414288,46,192
1496133,40,184
1418420,48,145
1438316,58,173
1423116,52,131
1452680,14,179
1457636,31,195
1403314,45,185
1443510,21,138
1406608,27,149
1487539,48,185
1428794,21,174
1459756,12,140
1401370,32,190
1436729,40,174
1468946,15,142
1450425,58,167
1400503,24,134
1460758,46,184
1437122,53,165
1416406,14,133
1409431,59,168
1465015,40,127
1490472,25,155
1463838,32,175
1416382,22,147
1447199,26,171
1470896,35,193
1486502,19,187
1410067,48,187
1448626,34,129
1434699,15,182
1451548,20,138
1414883,52,181
1499323,32,159
1441166,38,186
1491533,49,170
1426136,24,159
1411384,43,181
1457071,14,134
1429461,23,157
1401171,56,195
1493652,31,134
1486250,27,158
1424896,24,146
1445729,36,181
1422471,35,123
1409068,41,147
1462538,41,133
1483649,40,181
1465882,37,131
1458668,44,121
1441114,16,165
1434208,57,168
1425273,23,147
1456279,58,144
1467706,24,146
1418895,60,186
1499082,58,163
1422312,14,151
1491136,39,174
1456170,46,144
1468154,39,140
1459656,32,123
1432056,29,166
1436370,24,169
1431786,33,143
1467113,39,153
1447451,20,177
1482052,21,145
1405577,43,146
1401232,30,194
1476852,58,154
1476585,52,137
1446983,53,166
1499653,25,136
1482097,34,180
1450665,14,120
1469731,58,194
1463493,41,167
1493409,41,155
1420609,49,122
1493420,55,163
1433391,27,184
1460401,19,174
1456896,13,184
1458167,38,138
1440197,29,176
1464852,37,141
1432358,31,142
1457861,34,138
1406678,52,187
1480876,44,152
1487201,36,139
1499705,38,130
1432196,36,152
1478304,49,148
1492302,36,160
1471860,18,193
1490634,18,186
1471953,31,156
1413507,39,155
1427508,41,149
1435902,15,195
1443260,37,177
1451010,19,144
1412066,51,181
1415533,41,169
1475680,25,155
1427880,17,120
1453371,22,127
1478062,50,182
1435600,16,128
1406158,59,174
1458435,49,178
1401772,38,154
1437502,48,187
1435801,44,193
1420322,22,162
1415549,20,164
1476238,20,144
1440460,15,120
1470776,59,183
1414697,37,183
1458981,36,166
1497502,51,128
1493504,16,191
1447413,34,124
1488481,23,122
1452923,28,121
1487185,39,141
1414971,30,195
1461434,57,143
1425763,28,158
1410426,14,147
1416943,45,190
1435130,60,167
1458562,58,126
1439403,35,163
1462396,27,159
1473306,39,183
1425966,53,143
1495285,48,173
1424510,19,150
1403111,13,170
1430087,58,120
1454753,32,156
1484743,37,147
1421716,46,123
1470934,13,147
1422225,53,194
1493183,29,178
1407663,37,144
1415481,32,151
1454117,45,148
1466533,54,131
1445372,43,143
1400034,40,147
1453738,35,166
1465214,38,173
1462537,49,171
1424600,30,123
1455902,24,120
1443654,19,126
1449199,45,165
1416159,27,122
1420295,53,158
1489956,47,140
1443836,57,139
1453211,46,138
1470873,39,159
1464504,21,156
1435654,39,150
1432599,19,190
1415908,60,182
1468750,25,177
1411587,45,147
1419065,40,164
1459130,49,168
1485398,41,124
1413318,32,128
1477157,47,147
1496240,52,188
1433233,22,158
1433433,46,156
1443945,35,134
1446952,59,182
1491528,40,177
1461391,49,145
1491008,44,143
1415459,29,140
1416161,28,186
1459203,52,159
1431008,49,191
1496082,23,182
1496129,50,155
1484253,36,154
1490148,51,124
1437275,57,148
1473998,37,157
1446234,47,169
1475348,55,186
1454888,34,134
1438630,58,170
1456462,35,150
1425047,51,134
1482753,38,188
1431541,30,187
1420767,47,173
1469528,34,153
1451585,32,183
1425039,45,195
1442212,24,123
1432775,29,188
1414622,26,145
1464402,21,170
1452404,52,186
1438510,58,175
1445043,24,166
1457075,55,161
1445235,12,126
1432388,57,168
1479487,33,131
1414863,12,159
1462427,12,129
1400847,19,153
1498067,58,131
1424435,21,164
1414221,59,178
1440525,29,166
1457826,50,157
1415851,22,121
1493105,51,186
1491844,50,176
1469385,36,147
1430677,21,151
1445612,49,147
1477581,18,162
1415771,56,170
1412958,24,186
1450742,42,132
1461091,43,160
1467546,31,178
1486142,50,160
1466848,37,180
1493018,17,172
1460778,20,166
1410093,48,181
1476069,46,138
1454260,51,141
1449767,50,134
1449899,19,162
1472673,29,176
1409728,13,139
1420148,19,143
1466566,49,168
1441242,42,191
1484878,55,152
1475019,24,188
1476983,43,141
1419427,20,184
1493681,35,140
1457521,50,169
1453010,57,177
1406832,15,138
1446086,39,132
1410516,36,168
1436932,60,181
1457269,54,158
1415400,43,127
1468303,56,120
1484809,43,188
1454269,29,154
1407391,24,149
1403872,60,194
1454480,43,189
1490577,43,165
1409243,47,124
1421700,27,183
1445156,32,186
1422150,29,186
1441973,15,175
1413140,14,189
1418136,34,182
1414019,27,124
1437890,39,159
1408499,58,132
1494601,38,155
1408020,46,173
1409962,36,142
1481294,15,158
1477503,36,168
1401970,37,181
1450550,42,126
1487775,19,155
1496982,34,153
1442921,28,136
1426202,21,144
1460539,40,129
1431567,49,186
1432850,18,187
1406791,58,180
1442752,33,162
1479128,29,170
1411699,33,173
1404693,53,165
1404100,36,139
1480913,36,166
1415171,39,188
1499299,21,166
1453562,39,132
1431475,18,129
1412402,56,178
1487836,53,176
1410263,50,120
1491000,36,122
1463853,15,189
1412341,52,164
1496794,57,120
1471607,52,166
1453136,44,177
1443479,47,144
1490692,23,158
1465527,46,145
1499045,14,184
1470258,49,181
1492333,35,148
1405116,26,144
1428326,39,157
1435434,42,141
1432984,19,188
1481545,40,131
1467965,21,153
1495872,39,177
1461180,16,160
1457844,38,124
1425191,12,187
1422413,36,195
1480150,55,188
1469213,15,144
1477153,44,156
1499106,30,160
1449481,39,147
1496404,32,159
1481501,48,179
1429889,40,129
1406939,31,162
1475625,35,155
1420128,50,125
1425397,60,174
1473932,52,150
1474093,52,144
1479136,26,124
1438760,51,157
1425430,54,163
1429319,55,139
1457275,27,178
1456968,55,146
1415641,30,169
1402928,55,163
1406332,35,147
1499825,51,129
1486687,16,126
1487383,34,183
1467283,43,154
1450135,22,174
1491490,55,195
1480953,15,173
1423087,49,168
1419721,23,189
1442767,37,120
1439380,40,172
1473316,55,190
1495934,21,182
1472622,16,132
1451871,19,127
1402485,27,165
1411327,14,183
1439208,59,171
1432421,18,189
1459393,58,160
1400704,39,161
1404218,17,163
1439999,21,188
1476801,57,174
1408497,26,142
1458111,19,186
1436866,16,149
1452428,20,167
1402355,23,138
1480403,55,132
1471733,55,159
1478916,52,146
1413862,23,193
1432695,29,179
1443500,26,132
1445008,46,188
1426062,30,195
1489436,52,141
1498209,21,149
1484071,35,123
1453402,38,139
1428958,25,151
1468952,14,186
1460516,14,191
1454972,23,190
1497836,21,185
1409946,14,125
1486281,48,191
1438647,25,164
1489475,39,193
1401485,57,147
1469014,26,185
1444299,48,122
1498572,45,139
1429749,39,190
1497393,55,161
1455778,33,145
1493263,32,134
1446599,20,168
1453395,55,131
1407128,24,131
1403526,45,145
1402910,58,179
1450070,41,174
1496732,45,192
1476628,42,157
1480999,58,187
1409415,19,144
1467696,56,174
1443580,48,131
1414120,49,179
1416289,24,135
1441902,53,146
1424862,31,153
1405479,29,186
1401959,53,184
1405717,38,177
1418787,30,121
1444947,48,162
1445123,42,157
1401789,54,141
1474985,29,135
1465609,24,158
1458460,16,184
1407552,59,164
1405588,33,176
1417007,42,140
1412152,17,131
1415094,13,124
1457400,49,123
1423110,28,133
1432262,14,180
1411243,16,178
1465939,37,127
1457526,17,192
1498383,45,130
1468930,38,185
1417554,37,192
1462301,40,133
1420282,42,133
1446295,30,137
1460726,49,147
1483402,13,123
1463710,38,168
1483138,32,158
1407802,34,142
1432099,39,189
1422608,53,168
1427276,13,158
1458917,27,125
1421475,55,154
1477471,29,185
1452263,39,127
1443904,24,123
1435323,25,171
1429969,14,150
1491893,14,125
1418360,56,169
1499121,18,160
1432571,32,172
1470834,23,142
1468096,22,185
1401374,35,150
1458938,41,143
1427217,15,130
1488493,49,176
1448713,55,173
1400233,44,186
1465148,23,141
1486913,42,147
1493412,28,131
1475183,36,147
1453521,49,137
1446038,41,126
1425367,27,163
1460341,16,154
1437121,59,169
1408257,31,131
1455949,32,144
1482902,33,193
1417823,20,126
1477127,57,175
1492406,44,188
1446352,60,154
1435693,31,172
1406631,57,193
1407655,29,144
1486028,30,124
1422694,22,131
1440900,39,135
1474683,28,121
1403500,20,169
1450189,19,162
1441344,14,188
1410025,57,134
1492387,23,180
1437987,28,168
1482325,30,192
1495439,51,187
1450988,37,177
1435720,46,172
1433936,49,186
1497943,54,143
1499249,39,189
1438163,24,174
1444973,53,134
1443324,16,132
1492180,44,157
1437097,26,169
1484052,44,186
1451767,38,154
1495696,27,124
1425872,34,193
1425314,60,131
1416129,35,180
1470133,25,173
1415864,26,157
1479391,23,171
1403368,38,165
1454527,49,167
1410632,40,180
1419968,19,193
1479108,55,125
1438024,45,133
1451726,23,143
1487785,27,144
1453965,39,146
1436751,54,126
1477141,23,135
1419689,48,155
1499125,52,172
1464603,53,150
1481188,14,171
1489208,31,151
1498298,30,184
1431237,41,123
1427108,20,124
1459028,21,184
1489718,51,133
1493024,39,193
1443962,12,155
1480634,47,170
1428460,48,125
1413642,58,122
1427109,45,188
1445824,23,121
1475238,53,182
1438762,35,134
1438119,60,195
1404394,17,159
1434384,12,136
1443629,35,120
1469995,47,153
1482099,21,195
1416215,34,183
1480542,21,146
1441575,25,184
1441751,17,152
1476337,59,162
1474847,36,145
1427042,29,179
1459222,52,156
1475542,16,150
1434430,31,177
1456604,22,131
1449808,52,167
1441765,15,131
1494502,55,152
1458706,14,189
1477208,41,168
1470448,34,146
1486238,48,195
1454215,25,181
1440035,28,121
1481995,24,194
1454648,20,172
1415323,12,128
1484233,58,159
1457410,60,159
1448399,46,121
1451506,41,191
1403356,54,123
1441804,38,173
1493619,47,137
1479833,52,177
1472736,41,146
1412050,57,150
1453439,20,194
1470046,19,171
1416851,37,127
1490471,12,127
1419180,24,165
1450269,18,161
1409304,51,139
1428043,30,144
1477140,14,168
1481846,49,148
1486400,28,155
1458272,56,195
1468742,55,192
1429349,20,132
1468035,25,179
1416098,28,147
1403139,57,146
1477599,41,173
1415213,22,165
1462932,18,176
1408481,24,188
1428914,51,175
1450224,52,193
1461410,19,158
1439944,45,135
1406456,17,181
1467944,33,164
1472835,25,153
1490185,28,140
1442272,56,172
1453938,43,143
1484366,44,133
1413996,27,154
1482307,26,141
1426760,44,190
1407095,29,153
1440620,26,194
1468414,36,183
1498503,47,161
1498425,18,183
1411960,47,167
1475155,51,161
1448130,56,162
1467628,60,126
1412445,42,163
1428700,22,126
1450736,54,195
1408476,29,195
1483789,43,191
1451228,52,183
1411954,33,162
1476449,40,184
1498514,60,151
1442517,58,191
1494271,40,136
1403192,23,145
1407456,23,166
1493302,29,165
1412750,37,139
1456561,42,120
1464864,41,179
1468323,44,169
1448035,60,120
1433752,49,139
1468018,36,134
1477411,36,172
1456830,32,144
1498767,27,138
1419955,36,131
1489906,58,147
1491105,30,121
1491553,13,186
1431939,59,165
1409649,12,120
1432606,54,166
1458410,39,195
1423364,51,144
1431047,15,129
1431999,37,134
1491170,23,126
1478253,34,139
1494631,53,160
1413221,28,150
1494552,18,156
1437675,30,146
1409479,16,147
1460978,12,154
1469395,42,134
1467799,19,121
1428606,34,182
1421607,17,155
1492785,18,149
1449915,37,130
1489617,49,140
1456028,48,126
1489170,46,195
1412153,41,166
1438274,56,186
1469475,43,169
1498740,13,120
1404560,38,160
1424398,27,143
1452898,59,147
1432837,50,164
1474712,55,191
1445700,22,135
1454530,14,144
1413505,16,186
1470707,39,170
1448187,13,162
1443955,20,154
1417846,58,149
1471608,16,188
1420551,55,143
1423337,50,137
1458618,34,150
1414181,17,172
1483511,22,166
1436341,15,174
1481869,54,139
1487739,27,154
1444262,32,183
1471484,26,179
1451196,52,141
1462478,54,160
1467755,16,142
1455048,13,191
1491142,39,192
1404618,23,181
1446438,20,187
1476986,37,171
1489680,29,158
1448376,39,134
1436480,12,122
1469782,50,127
1457997,56,143
1404373,50,140
1482201,49,151
1443739,12,168
1435678,20,164
1453925,30,152
1423505,34,169
1482619,29,165
1421947,20,164
1440943,56,182
1435454,56,165
1404257,26,147
1462282,18,129
1470118,46,168
1461399,21,170
1455288,17,142
1449098,16,176
1423287,33,134
1495222,43,170
1498618,33,145
1472671,59,122
1460594,51,120
1487888,21,192
1436889,48,179
1484962,25,172
1432361,13,122
1467665,56,171
1464249,24,177
1469044,20,144
1468655,33,124
1464413,40,187
1419375,13,138
1441322,48,193
1450646,17,125
1435195,56,188
1466302,34,179
1490463,43,129
1411429,59,155
1495986,16,160
1477233,38,129
1481722,23,135
1402723,14,136
1480101,55,175
1451651,60,171
1494975,32,137
1444104,49,165
1405622,51,173
1403363,53,124
1415506,22,128
1438956,29,130
1409817,60,176
1455553,21,169
1478732,21,170
1455109,43,193
1405770,49,121
1427357,41,163
1446659,55,192
1421276,29,179
1434065,39,159
1473064,26,174
1453936,26,181
1458881,40,149
1492658,49,173
1414394,50,139
1417928,30,136
1488233,33,169
1480570,27,157
1438445,51,155
1474442,53,171
1453188,50,140
1401238,45,184
1452223,26,126
1466896,49,128
1439557,26,125
1419703,42,152
1458910,42,131
1494153,25,143
1416426,42,183
1425360,45,180
1413895,19,145
1401571,21,195
1435822,36,181
1470980,21,139
1467379,34,170
1422401,17,134
1470196,24,195
1473862,49,182
1413877,26,193
1411822,47,176
1428779,33,143
1402308,43,154
1473943,57,186
1442925,50,154
1420686,29,172
1416669,47,150
1466250,38,128
1439899,26,136
1414908,38,158
1478903,15,168
1496588,32,172
1441856,31,121
1489106,49,128
1480419,54,159
1458761,38,164
1405707,28,138
1416486,22,155
1412775,46,155
1444857,33,123
1498898,43,195
1452613,20,136
1426133,54,175
1465791,58,158
1464271,23,166
1468152,37,167
1486746,13,193
1441109,51,124
1451978,47,147
1493611,34,191
1434389,45,179
1406031,48,123
1465300,44,181
1421761,17,122
1413513,46,120
1416342,34,162
1449614,23,152
1431290,46,127
1472282,55,128
1483337,51,140
1420434,30,151
1462481,58,178
1499322,46,135
1407767,28,170
1433915,45,189
1422866,55,151
1478269,32,183
1449855,29,130
1440371,32,152
1483692,32,195
1450161,36,128
1469605,35,174
1427798,50,148
1430176,53,147
1466384,38,192
1484375,19,134
1469166,59,134
1461367,31,150
1432026,26,186
1415523,21,160
1404869,53,189
1447981,33,165
1407132,28,147
1476683,37,182
1434819,43,172
1409072,35,194
1470279,50,181
1445146,25,168
1446848,36,180
1457016,21,158
1484883,31,124
1411675,41,150
1465823,33,121
1426415,58,186
1479095,44,151
1449016,56,137
1473055,59,178
1421047,36,125
1421289,35,168
1491977,21,189
1423749,46,156
1462339,12,173
1448903,42,159
1416993,36,192
1483570,46,137
1447721,14,149
1465618,38,167
1449976,46,183
1436786,49,172
1448882,17,176
1450376,28,131
1438005,44,147
1477919,32,186
1432407,31,144
1408442,17,159
1401701,44,195
1494932,22,163
1436749,33,123
1456141,42,129
1462762,60,133
1462295,47,138
1498909,49,136
1465886,16,183
1426414,16,187
1481585,60,184
1474106,18,182
1417115,13,160
1475267,40,185
1470748,48,126
1447318,38,141
1477591,20,194
1478866,16,180
1427493,46,139
1471374,23,135
1495505,50,149
1457652,58,160
1443575,29,124
1435758,20,156
1442651,59,159
1436451,27,143
1410978,36,173
1469655,39,164
1411597,14,178
1405361,54,171
1456823,36,160
1401740,35,194
1478383,59,141
1446662,23,130
1453221,26,195
1474270,33,181
1439140,47,134
1422284,14,146
1437806,44,165
1462547,46,122
1412695,13,131
1415633,49,174
1479215,24,157
1489935,21,182
1455159,48,175
1480547,12,176
1452906,58,167
1412829,44,160
1486994,20,142
1498558,36,124
1468326,23,128
1469257,50,162
1455223,53,133
1460949,30,165
1468528,34,182
1410567,28,152
1420189,15,147
1441875,17,150
1430567,57,176
1428297,59,156
1431173,30,176
1498579,45,162
1471127,55,187
1416093,14,175
1457681,37,172
1473896,44,187
1458882,47,174
1446507,20,135
1435967,17,148
1495880,14,168
1484512,35,189
1451233,39,176
1495854,55,182
1485539,19,164
1493871,60,126
1404031,30,168
1423983,16,159
1475934,45,154
1488135,25,158
1441809,33,138
1487921,14,159
1421777,53,181
1416997,33,122
1414032,43,146
1434153,54,148
1422707,37,173
1454815,42,135
1483687,30,161
1437827,41,180
1440590,45,193
1463885,28,162
1428660,52,178
1489329,18,125
1493709,22,142
1410730,27,144
1485489,32,120
1483234,16,177
1454223,23,122
1479574,58,193
1412380,27,140
1473099,45,194
1461604,35,168
1419909,23,141
1458472,58,133
1430800,44,193
1497996,44,157
1454281,38,145
1471076,18,149
1406624,31,181
1400596,33,191
1455500,40,142
1462957,24,124
1475234,26,147
1455537,43,147
1407807,35,148
1476028,33,173
1453032,47,181
1470337,13,148
1490845,48,166
1403981,30,126
1451029,14,174
1497738,57,156
1417538,26,186
1499506,24,143
1483831,39,184
1495135,12,185
1465624,19,137
1422883,32,146
1466492,12,125
1464818,57,132
1415875,53,121
1403355,27,129
1495015,44,122
1424057,18,188
1419953,39,136
1463483,57,134
1481810,17,171
1480895,52,137
1417283,30,135
1465187,21,140
1464213,50,138
1410653,29,184
1494249,46,174
1450027,44,127
1412454,49,132
1497641,50,126
1451888,45,155
1425620,12,138
1454320,17,137
1442828,13,188
1459318,58,148
1406340,60,161
1499992,23,150
1462135,35,139
1491418,43,127
1426528,15,158
1436193,40,125
1435226,52,138
1457163,16,153
1485955,37,160
1443375,42,180
1467361,57,143
1421178,17,185
1488863,31,148
1454170,38,165
1402364,29,167
1455575,59,178
1407881,24,175
1414848,57,122
1451411,35,132
1470615,27,168
1472342,53,145
1455944,39,136
1449414,35,175
1493323,35,186
1401165,15,157
1449228,17,191
1438906,46,188
1456503,38,188
1458328,28,151
1454567,50,174
1491260,21,129
1443423,20,160
1419747,17,170
1454304,56,122
1465615,14,139
1445523,47,186
1450785,36,154
1450287,47,150
1448600,59,143
1461076,44,120
1490795,42,147
1495068,32,170
1431161,54,171
1436821,46,132
1418178,29,162
1447810,44,192
1471679,36,136
1438235,34,160
1497947,41,127
1495695,29,188
1464716,55,156
1450306,16,167
1462090,15,140
1423329,17,174
1439237,20,157
1476665,29,135
1491902,52,172
1430502,36,151
1421596,58,157
1455380,41,159
1475501,40,139
1438216,44,142
1435622,57,139
1490258,18,152
1432166,59,146
1412146,38,127
1451556,60,130
1473103,31,154
1464344,52,142
1493052,49,193
1465340,37,164
1419505,56,125
1457540,13,176
1498427,45,124
1444956,48,153
1497420,12,183
1470353,13,138
1474524,40,131
1456753,16,138
1487334,31,177
1401508,30,195
1469324,47,158
1450738,50,149
1455224,19,125
1470858,34,169
1456522,56,171
1400150,25,131
1417247,60,162
1439486,24,156
1459458,31,163
1415509,44,133
1408612,43,126
1485463,31,137
1455440,45,131
1441365,45,124
1463685,15,168
1465007,38,168
1463929,43,193
1495653,15,173
1495615,29,186
1409898,20,142
1424560,44,134
1408548,43,170
1468596,45,126
1415668,52,125
1461944,16,156
1472126,45,121
1481756,37,185
1468330,24,185
1410987,17,137
1424337,42,131
1433973,27,132
1418475,49,160
1476151,18,142
1408172,55,170
1454376,48,181
1410674,58,165
1492243,41,191
1461136,33,181
1463253,13,155
1431454,54,138
1415270,45,158
1421062,30,139
1490048,58,167
1423093,14,177
1408783,57,135
1436428,46,189
1436824,25,154
1434854,41,186
1457240,39,175
1485985,56,181
1497272,39,158
1487616,46,154
1479014,27,193
1489641,39,184
1408344,35,155
1484203,42,150
1455090,33,120
1416320,28,157
1479177,34,167
1403251,32,153
1471119,33,156
1420669,34,182
1434614,15,129
1480584,36,164
1449663,26,168
1488248,23,163
1486761,26,180
1492480,60,171
1403750,28,143
1483846,49,144
1484155,14,186
1435398,25,177
1484959,34,185
1465193,13,143
1468212,41,151
1447368,36,128
1425786,49,189
1431459,36,175
1465516,12,160
1404617,54,127
1456115,16,130
1451182,52,181
1408338,13,182
1444406,12,186
1456784,53,145
1468976,27,193
1404312,60,128
1435579,16,177
1437046,35,157
1408358,33,140
1495326,44,176
1447424,46,161
1451770,38,132
1458808,38,182
1478352,24,133
1446656,37,193
1405875,37,182
1497648,31,177
1464801,28,120
1498607,48,191
1475328,22,185
1451714,30,120
1463332,25,157
1499621,48,153
1425729,57,185
1422327,37,187
1429103,49,168
1413220,46,174
1443349,51,153
1419646,41,173
1420271,56,148
1416588,48,165
1420505,60,167
1486339,27,154
1442593,44,171
1484408,22,125
1407533,42,177
1410936,12,160
1475255,15,122
1478618,18,176
1486691,57,132
1458821,31,194
1412805,33,120
1479957,44,151
1467114,53,165
1491229,25,149
1487059,14,190
1498387,44,169
1443499,33,175
1441532,51,184
1409541,60,148
1454424,20,131
1479295,37,161
1482422,42,138
1451152,42,145
1419929,52,193
1461905,12,168
1484402,43,131
1489210,30,148
1418503,43,185
1423902,58,128
1401501,14,161
1479325,27,159
1476136,53,190
1498365,15,191
1492545,17,120
1458737,17,156
1418110,40,189
1408670,40,167
1426754,50,169
1414250,42,127
1480749,45,137
1470829,22,170
1479552,45,168
1470378,25,142
1490164,51,186
1495367,60,159
1405033,22,124
1449635,21,149
1424419,39,190
1444651,23,187
1469843,43,127
1425902,43,126
1454115,34,195
1452563,15,158
1458548,35,124
1480471,58,163
1446035,39,146
1430271,13,182
1466537,20,163
1443083,59,141
1464375,42,136
1402596,33,135
1422895,54,159
1498600,24,129
1414049,60,162
1481893,40,191
1475824,21,191
1451747,16,159
1405475,40,138
1466945,47,124
1423016,57,192
1415774,42,181
1487887,46,126
1408477,57,125
1438351,47,150
1452260,39,184
1436220,59,163
1430905,19,178
1451499,16,184
1444991,23,126
1466702,34,190
1480538,50,165
1476896,12,186
1439951,28,121
1433908,55,181
1457789,52,161
1421155,23,169
1408769,23,175
1490996,52,163
1499579,48,162
1426728,21,174
1403012,51,187
1478433,35,129
1489506,40,132
1420526,19,160
1418757,54,164
1423221,58,181
1487641,26,188
1496248,37,134
1418832,21,126
1431020,57,161
1436721,36,181
1414855,36,175
1454599,21,156
1465098,52,142
1465012,20,184
1431554,35,161
1408970,32,136
1484529,47,146
1487832,34,193
1485242,48,173
1441235,41,144
1410498,44,127
1416478,12,161
1453654,33,191
1436412,37,155
1476855,38,155
1454563,47,161
1435261,22,123
1434596,27,163
1473701,34,195
1421537,25,154
1491777,40,162
1492152,17,129
1408173,24,185
1409627,37,182
1420604,19,152
1470657,39,123
1431587,19,175
1491146,18,186
1408616,16,183
1451460,30,139
1420664,20,171
1440942,32,182
1440513,48,149
1495629,29,127
1480879,38,182
1478047,28,125
1482943,16,126
1424497,29,164
1480536,29,162
1491331,21,194
1468010,25,145
1445183,58,150
1415229,21,132
1405930,52,190
1429497,23,145
1465094,18,157
1449962,21,192
1488404,56,150
1428470,51,136
1409628,50,134
1452219,39,164
1448836,31,139
1415516,22,151
1448272,57,188
1408872,58,159
1438993,17,174
1459679,17,175
1447106,52,188
1414495,32,130
1470438,37,174
1454347,44,130
1447302,37,160
1454701,55,135
1441112,12,170
1463429,58,127
1473337,50,179
1456920,45,129
1427146,19,195
1434341,47,135
1444894,26,180
1441240,51,152
1425414,50,124
1446613,26,143
1419688,25,156
1496395,28,120
1473898,41,175
1414047,46,146
1467046,57,185
1463971,29,184
1449841,23,171
1415468,50,192
1424380,43,155
1492790,58,182
1461851,16,139
1409377,44,120
1444871,45,189
1490430,44,146
1484861,57,194
1443495,58,191
1457774,35,195
1496717,54,156
1463231,37,165
1413064,48,134
1409517,60,154
1489686,41,191
1468498,18,186
1433522,26,147
1494468,17,151
1439043,52,169
1488969,21,123
1407511,47,136
1432865,51,182
1450064,52,154
1423647,58,158
1490683,27,193
1419131,34,162
1407901,22,184
1452727,26,142
1494233,51,163
1465010,43,175
1435316,47,141
1469709,45,180
1461715,26,183
1433146,24,168
1486681,56,190
1499763,26,171
1440285,54,143
1418971,60,124
1430581,23,129
1426744,29,150
1474780,51,187
1431007,31,165
1421557,35,125
1481007,21,159
1411932,21,155
1491257,41,170
1421077,28,131
1464586,59,133
1478057,39,189
1408286,26,159
1484736,55,159
1481920,48,161
1428255,43,125
1419802,16,121
1473013,18,140
1406673,41,152
1474017,27,189
1476214,57,148
1426395,36,161
1414915,40,162
1426466,55,181
1449195,32,179
1427383,36,136
1422808,59,121
1496219,31,125
1450756,49,144
1452971,22,153
1424038,56,132
1485196,22,181
1491499,45,151
1499445,48,141
1477926,32,153
1485923,60,134
1404151,35,175
1489322,44,142
1427687,47,162
1486414,27,165
1406968,32,195
1433079,12,174
1454893,59,193
1422353,48,178
1421734,52,129
1475802,13,129
1462383,38,140
1478267,38,152
1476747,17,184
1499388,25,132
1453778,20,165
1435395,27,164
1451786,47,136
1458916,53,135
1473423,16,135
1474181,28,154
1476926,31,126
1408705,20,187
1461129,26,123
1486245,32,153
1490256,56,191
1420423,14,145
1476234,60,167
1445770,30,168
1481784,41,120
1406401,51,180
1425369,16,129
1456563,52,139
1427189,24,142
1436966,47,125
1409685,54,161
1499221,32,169
1454969,48,120
1489190,14,149
1414279,48,121
1470855,55,143
1443622,57,131
1421534,14,166
1415971,56,181
1409307,19,180
1436065,54,187
1428114,58,131
1482744,59,172
1481871,37,192
1449117,35,122
1404579,24,161
1470715,34,131
1490971,50,194
1462692,16,162
1474197,29,136
1417625,20,170
1454055,58,156
1441906,25,151
1416448,48,155
1407987,13,129
1459146,16,167
1462073,55,149
1421972,42,169
1420194,54,161
1435243,18,176
1404147,26,140
1487385,29,166
1432728,18,161
1497855,41,148
1429706,29,163
1418995,18,151
1452410,22,158
1454781,24,154
1445489,30,139
1459650,32,143
1418180,26,136
1431246,14,143
1404832,34,159
1493346,58,147
1473146,53,154
1439791,35,170
1472312,58,143
1466418,25,174
1421011,41,142
1448145,33,194
1482383,27,132
1498421,40,176
1485719,57,153
1408911,21,168
1471344,48,194
1411979,40,144
1438108,36,184
1429525,39,180
1439249,36,151
1491150,21,152
1455639,42,130
1426641,13,177
1487612,55,166
1438353,31,160
1458112,18,143
1442705,24,121
1454013,55,127
1460174,20,138
1493352,54,165
1499481,39,180
1473635,36,168
1425230,21,172
1402417,50,135
1479568,48,145
1425241,25,149
1482989,55,158
1445765,21,177
1481987,57,164
1444061,38,141
1499276,27,180
1495533,58,165
1450998,32,152
1462515,23,182
1457331,27,153
1458346,59,127
1496230,15,146
1445056,46,171
1494922,22,132
1423452,56,176
1457422,49,181
1446054,53,165
1430670,56,152
1465332,24,144
1416462,45,185
1466380,14,121
1454562,47,120
1400268,39,175
1461465,51,182
1437781,20,163
1429891,15,165
1410213,25,128
1456632,48,176
1468744,20,163
1444993,52,164
1431902,44,124
1426895,38,153
1414166,16,186
1441664,41,142
1414293,30,155
1466225,27,183
1486294,47,136
1437219,14,173
1405339,40,137
1413191,16,149
1415070,13,158
1499997,49,161
1478557,49,192
1418791,46,128
1434386,36,149
1436940,49,123
1443532,53,172
1448247,21,139
1463170,47,178
1476098,59,139
1404740,60,120
1480249,28,181
1486170,56,138
1476861,18,152
1453544,30,132
1409753,59,172
1416954,26,136
1427175,51,183
1441488,47,145
1418268,30,145
1425719,58,145
1456779,26,166
1434605,14,136
1400783,59,175
1442167,46,151
1418539,51,171
1472928,55,137
1451623,48,164
1464248,43,171
1436275,21,166
1473409,27,182
1487651,25,177
1491986,14,130
1481561,54,128
1471313,47,133
1425804,29,121
1444730,12,146
1415080,19,121
1449837,26,173
1497652,31,177
1473740,54,133
1478164,14,174
1425268,15,192
1499312,25,183
1445896,21,194
1491020,57,134
1428250,32,184
1454525,35,165
1441479,22,183
1495214,50,125
1410941,59,150
1461964,20,162
1447934,43,152
1420980,40,178
1483028,22,153
1490348,36,132
1469514,53,176
1423559,52,164
1428191,33,121
1409053,55,169
1454247,54,136
1495296,39,192
1435889,32,124
1400784,18,123
1434466,59,159
1462723,38,165
1403843,19,137
1401249,59,122
1448680,58,174
1445277,44,182
1459150,54,131
1464968,50,149
1471522,35,171
1481808,30,133
1439681,26,136
1462817,24,147
1471537,35,124
1424068,42,140
1424676,29,192
1479557,45,183
1495445,59,142
1461018,20,195
1479118,15,161
1444181,23,154
1496431,25,169
1460795,30,175
1409297,13,145
1423512,57,188
1456970,33,194
1401389,16,172
1407677,31,133
1451388,22,141
1446833,27,163
1478380,60,168
1481262,55,171
1451260,25,143
1451162,19,186
1490777,50,195
1490894,46,186
1405239,39,164
1459113,47,123
1437524,13,159
1435970,23,124
1403514,21,124
1427021,58,175
1426214,58,186
1438040,36,188
1423283,21,125
1426554,17,186
1494449,53,145
1438488,39,142
1489209,53,128
1430724,35,171
1438499,31,143
1418272,58,163
1472693,42,121
1482570,60,137
1406024,24,195
1471411,14,134
1466908,24,154
1445827,26,185
1424118,15,134
1407072,56,146
1434901,49,121
1489105,12,183
1458194,50,134
1405481,52,168
1448445,21,146
1447252,51,130
1497492,17,160
1423317,47,154
1447319,23,124
1443920,23,178
1465342,38,168
1401481,35,150
1471573,51,172
1427556,16,137
1445351,45,120
1460202,30,147
1441846,55,163
1452783,42,178
1494283,36,120
1469130,42,151
1470801,20,174
1439529,43,160
1433872,53,179
1443386,12,188
1447065,17,171
1482300,28,142
1446320,50,167
1400744,25,174
1453086,56,123
1433504,19,157
1445760,31,160
1424990,42,132
1404334,60,182
1476625,21,147
1446893,60,169
1455122,38,180
1482266,57,120
1402747,35,187
1410475,26,133
1498255,42,159
1421669,20,177
1418814,55,161
1428007,52,182
1465292,51,173
1457604,51,189
1475764,18,139
1470214,38,195
1435901,26,168
1458310,58,150
1485085,38,156
1495276,16,167
1467267,36,174
1478374,56,183
1404095,46,186
1493862,51,182
1498539,39,195
1483757,34,188
1424630,60,166
1460515,35,165
1476621,14,122
1492034,32,192
1419907,16,146
1409763,41,192
1468453,27,172
1427540,52,166
1442860,27,126
1405229,31,173
1481615,18,172
1436484,31,194
1454317,31,176
1498155,54,139
1418020,43,182
1400827,15,140
1490979,59,190
1421102,35,126
1492409,54,146
1496010,50,122
1496347,59,168
1407699,45,126
1451783,41,147
1437466,43,162
1420102,47,173
1456975,28,155
1491241,12,127
1496265,37,183
1432332,49,189
1482066,14,174
1441352,57,172
1438489,31,171
1489307,51,150
1469983,46,174
1431111,18,155
1427399,35,174
1476256,17,153
1479012,27,145
1485046,23,120
1428447,35,135
1483732,17,123
1454478,35,192
1424565,41,135
1427616,19,192
1426882,33,148
1487648,43,147
1495474,56,170
1486159,28,122
1428641,45,144
1474554,12,167
1419478,28,140